7393
6767
7679
6457
8139
4956
2969
4775
7453
9723
5043
8471
4323
7319
6145
4279
2955
6509
5669
8313
7846
5640
5757
9259
175
5191
3759
4015
4248
22
3339
1438
4578
6704
382
7125
2085
1061
2167
4841
4625
3887
4139
9180
1803
7078
2265
7672
5237
3445
5423
1990
8003
7727
9328
6510
5700
4744
3394
3347
7104
3487
6167
2132
3136
2528
8686
5546
2278
4261
7304
3952
3288
3046
7107
4123
7793
9732
3450
350
2591
2469
5917
6298
7053
6204
8964
1790
7290
4266
9451
967
6506
7839
3816
2023
4938
9565
8332
1785
9508
6256
4
1931
4726
5795
4153
2002
4058
9112
880
5404
84
5957
4531
3129
6663
1585
1672
6838
6484
7118
5015
8591
7495
3899
2375
6065
9265
2829
4221
2290
7060
1618
7169
3025
1036
8424
3293
4966
7672
2383
1361
5117
2636
8834
479
2694
7622
9823
8973
5425
4998
1418
8966
3218
9314
1345
1869
2021
2305
8101
5362
4418
9724
5955
3320
525
7541
4326
6174
4928
4498
1186
333
2873
995
7938
6850
6142
8405
3523
7399
201
2946
9025
294
7722
2694
6026
1934
2817
668
9004
3305
4341
2753
4533
4819
6189
8315
5824
1293
4447
2921
7523
1428
2932
5916
5093
1763
5000
8693
5349
4034
8818
1391
6712
9887
3664
4237
6739
8953
2387
7815
843
5536
5349
8956
9572
1599
1843
4231
2898
846
5821
1105
2653
8539
1990
4942
6584
724
7343
2527
7205
3672
8710
505
2537
5365
9957
7344
7598
7130
4525
5287
67
8009
8088
6961
7303
2431
3151
1623
2573
2143
2512
8226
9625
6818
6013
5055
4029
7550
1183
3447
9295
4780
10000
7137
5379
8847
3221
6975
2203
4464
5135
2808
1059
5161
6607
7045
8758
2075
8520
2661
5754
6769
927
8751
7486
7363
5840
5172
6812
4039
1294
3494
1494
2243
5309
9172
7581
7693
4162
6199
3230
8639
4784
7351
1152
7461
1712
2970
3528
5975
9109
8806
4720
3132
4889
5478
9490
8564
2148
4706
9025
3449
3218
9796
9224
5531
9416
1291
2912
4660
2365
172
2514
1480
1403
1295
6433
7548
9890
4826
8915
1989
5455
505
3735
6840
7036
370
3093
2069
8158
5659
5734
3227
2769
8459
8049
49
6812
622
3358
7104
7484
3175
502
3193
9880
9544
95
5894
1118
5053
7889
3515
7624
5572
1150
6253
219
621
5072
2462
8340
1583
7080
3897
7257
1448
9171
6137
3657
7774
145
906
3155
8148
6399
9532
1906
7425
2568
4987
3214
8365
8518
901
1532
2643
766
7514
8624
7688
1538
1641
7047
7650
636
5655
8878
3315
3007
1891
3585
6931
5612
4727
2979
9951
2553
2841
9454
1956
6960
6454
6550
4935
6184
9936
2834
6438
2940
2750
8491
5375
2540
418
6121
3515
2386
9825
4415
9872
1862
1116
5131
6963
5441
8505
7116
4520
9418
526
4685
3868
9135
6979
4511
4153
9185
9779
2774
3580
9397
3642
9864
2941
4852
7517
7660
4810
3162
4806
1905
8563
5516
9051
4202
2879
6364
6699
8277
2426
5748
698
5646
808
6737
7724
6651
4078
3733
4843
5441
9174
7241
9625
9440
2080
7692
4933
1051
7374
2232
8088
1701
5359
8928
2898
6398
2227
57
8103
5704
7704
6727
3095
6790
4784
6155
1078
2509
6442
6594
3745
367
6482
3309
7819
6649
3541
5559
9159
3175
5036
2239
8935
608
2226
3979
1581
5937
1160
7036
386
4030
8821
953
8473
9375
6704
4179
1247
853
4880
5008
3131
9961
2503
5502
7395
81
6372
4085
607
6640
4756
2366
299
7449
3408
7860
963
6506
8704
254
5319
7606
1402
41
7422
8322
5346
1072
1269
8597
3178
3983
3355
6601
8573
7622
3367
5398
4218
3263
7738
5811
2187
5430
4731
5358
259
6237
7671
6537
6810
270
9770
8682
1248
5735
6156
6508
7343
1382
7655
9520
3122
9684
4615
1294
3917
4032
2797
5783
8325
36
2858
3937
326
5859
2122
4476
56
1085
2206
1674
5621
6181
3278
4318
4553
5775
9011
6511
6097
8183
2920
6164
4295
7167
1356
4429
5450
2358
1228
4113
8787
4156
7891
7007
7542
264
4378
6594
4682
6433
3575
3347
5720
7624
7376
8050
5024
4129
6151
7761
4072
2612
8608
4146
5005
6088
6398
9402
4154
1632
6010
4327
2804
2561
7922
3695
6274
4664
3620
6878
1937
9810
5222
3775
5472
8256
3522
7464
6675
1112
8468
9688
9236
9725
5573
4186
7400
8818
4720
8749
9969
2137
2389
9690
143
8468
8548
581
6309
2923
108
4361
9862
7029
3817
1776
8352
175
7319
3367
3082
9227
5470
5587
5109
1556
9150
4940
7429
3563
3992
567
7776
4456
7453
9700
9715
5113
7473
3549
7878
3432
749
3776
459
4105
5815
8762
7573
7483
5616
9299
3152
9746
1171
6947
1022
4992
9778
9347
1809
3525
7755
1255
9225
2507
2769
1633
7060
4427
9370
8202
8184
9484
9759
6346
4882
9134
650
757
4405
5808
4376
5259
8692
6691
9350
7678
3768
1409
3590
5234
5980
7651
9046
9703
8840
8363
7908
7458
5621
3429
4071
7793
5970
4375
8583
5581
6485
5189
1291
6333
890
4316
1154
2405
6910
3689
7359
96
6159
7203
9149
9570
275
9764
1148
8508
4769
8593
2425
3260
8903
987
6533
8369
1970
1608
5119
9774
309
2734
890
5571
5778
9705
1458
9822
1570
507
8921
3398
1498
252
3955
4450
6162
1364
6595
4892
711
9235
3252
5377
5041
9698
1080
9935
4290
2439
1945
5883
6482
9666
9203
3843
7252
2721
6512
2763
7406
9614
4980
9280
6029
9945
6281
9689
1584
8634
1959
2024
5459
4845
72
1192
4785
8921
7141
8407
769
5001
4246
539
1012
9812
509
1553
8430
4415
9538
4610
9092
4894
2135
1938
7213
4683
5137
4756
9717
3617
8550
6116
5119
7583
9088
727
665
5273
2919
385
5953
1814
9330
3081
9459
5124
445
2960
332
8737
4933
8696
9861
6646
6567
7830
3956
4301
3690
1581
1982
6953
5072
3193
3991
5763
2624
173
8843
3685
5700
3917
7724
5964
6333
3787
6615
6650
3165
8121
6851
8918
8290
6751
3462
1175
2010
8448
6849
6655
8133
961
4515
361
86
9511
4756
7633
4835
7796
6842
6477
9397
1496
7152
6054
6604
1645
1499
6775
1583
4396
8948
8312
6198
512
4600
8798
5032
6803
6423
5448
1059
1385
6822
8726
6143
4829
4859
1043
5555
3808
9939
4378
2024
4511
5067
4516
1118
2073
9745
641
7226
8230
3366
8072
2581
5061
7291
6919
166
5166
9361
9452
7108
2057
4182
4047
4221
8892
1259
6213
7864
4157
7597
5309
5226
4739
3236
144
9272
4338
8685
4935
2211
8444
1322
405
6674
5672
2179
7766
1868
4577
4314
3397
2910
9493
5263
8884
5870
539
6109
7596
1196
4074
7343
8004
8101
3611
5739
3817
2904
1759
8868
5624
3958
9966
8433
826
6797
1726
4596
7411
5971
610
9023
9235
1690
6305
7826
9760
3642
3179
981
8562
2619
7287
1788
4038
9590
7925
7841
8965
6507
4311
2643
7582
6486
7870
9996
6177
8329
8271
4633
576
5958
4829
6615
9661
8048
1165
203
6146
4414
3793
552
593
1518
557
8815
9638
2993
3094
3426
7059
4474
1087
5256
1499
8419
8824
7096
1874
2713
1800
5638
1474
4672
9532
2044
3903
3365
437
5584
7148
2077
6259
6432
1992
5948
2927
4582
6139
3198
5859
6909
2133
4472
238
3713
4901
1451
8113
4198
115
5711
9946
4218
9559
7898
6249
4983
2076
5669
1171
6456
3453
9199
9441
3639
4441
5402
9443
5126
1921
2126
1452
6663
192
9425
7262
6852
4626
7299
1802
1549
2077
5954
9902
5828
5172
44
8565
4488
4824
8733
2944
3574
8407
5145
67
2664
1157
2700
3565
4315
2602
7656
4049
8185
8225
9152
4756
5476
9003
8463
8611
5756
8244
4600
1273
8052
2163
7349
2804
2873
3698
9744
9840
6628
5660
7671
2243
8745
4152
5763
4771
7697
5834
5907
8339
4186
4611
157
8711
5964
3949
227
2325
5336
9227
3979
3299
520
2843
485
939
8574
7188
8943
6357
3152
5009
4914
2156
385
5713
3151
2041
5397
2354
9875
5033
3552
2762
9532
508
6389
294
8754
4541
3214
4620
2125
6778
8878
8860
3008
9024
630
1338
3550
2353
7088
4432
297
7783
1667
7337
2141
7693
5849
4489
648
802
5643
5731
4334
1223
7865
741
1043
2061
5772
3324
1326
4565
7392
2479
4461
9356
5259
2784
3636
6859
4097
6937
5911
4980
5848
568
3690
393
1090
3561
5476
247
113
8840
7047
4010
4143
3287
144
7068
7069
7302
7131
8631
1799
5546
1090
6817
2894
9977
3075
3764
8014
5714
1262
1177
5456
7638
2660
9674
6982
8316
4683
4649
6892
3328
2062
1994
9229
8703
898
8574
9571
9848
1686
1676
9545
1519
5509
2055
7935
7187
7899
5435
8423
1
7690
2850
2764
3171
223
6168
6621
6691
3550
7450
98
3309
6436
9857
2561
674
6684
51
9961
2932
7238
4925
8312
8090
8353
3561
6505
9557
9196
5991
3225
9686
1747
8246
5265
517
2652
7031
4473
8670
5875
2496
4321
6615
8358
8736
4806
4946
2968
3974
5284
9017
6588
6596
5143
3019
6514
2476
7080
2598
8331
1259
9652
502
8872
9684
450
7788
8179
215
4377
191
45
2523
1649
4729
5163
5199
8236
597
3993
7499
7587
7814
6715
28
7756
6194
9699
7200
351
5274
7534
4712
4925
8541
6955
8863
3437
8670
1587
7765
7166
9798
1492
4205
2304
8743
2045
800
1327
5823
7532
3459
3569
3363
1223
1020
4386
9814
233
4334
6624
9870
7528
6745
2008
2048
6774
8864
2628
4648
1250
4128
8833
2386
5328
9552
3685
7154
682
3693
5669
8773
7942
7262
3274
562
283
5017
2350
1560
2991
7279
8741
8755
2994
2527
1342
669
7400
6468
4124
2659
3047
1282
6788
7475
1503
2230
466
7609
2538
4420
5472
2111
8103
1898
2914
86
5413
9337
9260
7072
8911
6774
1726
6357
4905
5032
4400
435
6539
9582
5082
4504
43
837
9619
6894
7825
6048
3175
5383
5218
5584
9234
1227
7515
6748
5493
6167
3134
139
3673
2871
4126
4446
5582
1425
2800
6538
4020
1198
4582
9346
5657
356
4257
4389
217
8896
1189
6670
5352
9494
2089
7389
1628
986
317
5598
1639
158
4590
7851
670
2016
364
828
200
7413
5696
6054
3857
7505
2387
517
7924
6953
5665
475
6214
1414
2004
7478
2990
3621
6892
3915
2281
2322
8631
3242
2879
2555
250
7477
5147
9476
3556
389
9491
3268
294
6065
3984
9750
5140
1903
8327
3958
5249
5151
9349
9250
5824
8386
8471
1213
3691
1737
224
3212
3403
1186
670
4862
4189
6270
4748
9283
7849
1739
5939
3832
2312
5373
8264
1649
8645
3624
9660
1049
5536
8460
1174
708
2349
3784
7440
7868
8597
2455
8521
751
4690
5832
9948
539
373
2933
1391
2535
5024
1646
9619
9891
8604
6985
8581
6328
5478
8746
7123
9697
8023
604
3881
3878
2104
3656
1941
80
2079
7775
5400
6235
1650
3542
5235
1877
682
6239
7083
5865
2435
2448
8853
7390
8203
6259
8444
6686
278
7776
36
6812
109
6866
5857
4230
2526
3036
6511
9694
8112
296
7947
5798
7835
3163
2303
3056
9166
4458
8665
1266
2607
6049
5246
9189
5124
6547
6148
4700
9059
5593
1200
9523
801
5348
8771
9574
2641
8505
9457
5357
5982
7645
6826
855
5272
7594
379
1690
2741
1453
6129
6628
2539
878
8565
187
4037
4076
9415
8077
9130
9439
2063
5921
3413
8720
1274
9058
5452
3698
7694
8451
2007
8663
3611
4734
850
4286
833
1540
4526
8553
3768
2085
9122
4864
6742
8384
858
4226
1261
4386
470
7827
6182
8967
6206
8578
9830
7213
9516
3365
3808
113
2397
8030
2557
6588
5243
330
6804
4857
9846
5409
62
6112
9272
1770
3611
3932
1249
775
7734
6908
1786
6589
6681
9723
6699
4380
3848
8073
8626
7479
5301
9142
5288
4878
1772
7866
3999
758
642
2432
162
7919
6297
5951
9044
7636
8694
4265
7837
7946
5749
6528
1247
8682
3573
3681
7550
1725
7598
4846
3239
2849
9822
9961
7881
9593
5100
8938
1014
2242
8708
1892
4407
1469
7164
413
1445
8969
9844
2564
284
8060
2644
4268
5760
9722
3516
7889
6628
1738
9219
6021
3715
9904
3488
3058
9336
8491
3568
2298
2890
8463
4278
9648
3370
1484
9828
9762
9384
1841
321
9742
661
731
5534
2786
8630
5272
8547
1554
1185
3806
713
9385
3527
9560
2818
7117
9890
803
2487
8154
8630
1968
6306
4356
4896
3265
6766
9346
8621
9143
7314
3366
6237
857
2445
9129
1599
1055
1713
5041
9090
2487
1833
6841
3059
2332
1501
4228
4320
2500
6607
6330
1860
9751
5958
2529
9735
1946
9658
4300
311
9500
3782
7454
8793
7414
7199
1510
8606
8583
3987
913
2292
9080
9853
7959
3284
1340
2237
9375
6605
3569
2188
5470
1052
6132
9179
2579
3604
5046
2006
296
6146
8136
8949
7670
4687
6069
5819
4708
24
7733
7629
5808
4022
2968
6041
1038
6314
9445
4433
3822
6222
9857
1215
8275
2347
8635
765
7609
859
1896
2312
7597
7073
467
8324
7769
7175
6627
5085
4185
8918
8493
4471
7155
5168
7635
2395
288
1393
9015
5671
2601
6136
3244
5630
9473
1082
1577
8184
6808
9346
6069
3920
3889
3576
5961
6677
4019
1667
2918
2203
2643
5987
61
2864
8682
9812
3690
4126
9250
3711
169
201
5943
9732
5650
4366
1257
8108
8660
7183
4634
3949
8650
6091
3146
9615
7938
9746
8151
2989
7103
7012
4077
1815
1676
7070
7481
3362
8292
6221
8107
1848
3630
7032
356
630
8632
573
6018
3737
5017
8801
6513
9691
4312
4555
5699
4356
3565
5996
5140
7472
7350
7649
4766
1162
6439
8546
1340
6592
4497
4783
7674
1699
1954
1629
5126
3738
12
3816
574
6955
2696
9578
9119
1891
1890
1909
8663
2934
4985
7751
610
7879
7058
565
5104
3365
5830
833
8580
9124
4844
1462
7941
3127
5892
8330
4852
1876
1775
7582
3571
1881
7374
4126
844
2856
6983
9085
721
6518
9553
6586
2946
3288
1533
4777
1904
9853
6125
7735
2244
773
8849
7270
2911
6469
9603
6708
2519
6656
4157
9980
9320
6281
144
9257
2399
6872
9924
9446
8958
601
7502
6990
1906
4971
7155
1540
7151
9302
4958
4617
7120
3035
4620
2066
2272
420
5218
8783
8782
7297
4551
4984
4761
8612
4296
2949
6740
102
2306
4530
6973
1111
1239
2989
5638
1145
1608
4915
9377
4859
3373
2719
6536
739
7893
359
995
5534
9813
11
2203
3998
6872
800
6792
7363
4920
745
1044
9489
8919
8283
6297
3336
6212
3890
4556
4083
3489
991
7601
245
3543
8202
1783
351
7154
6570
5994
3879
2760
6950
5440
6029
9183
481
6168
7959
6349
5589
9725
5367
1447
7651
3582
3817
4698
4516
6783
1594
1099
8465
3454
2709
129
4426
7245
8138
3320
7163
4680
7912
1816
3702
41
4341
94
9383
2063
1283
3157
3453
6948
1929
3035
6348
4775
6477
237
6090
5064
3124
2188
4982
3793
7643
3392
8833
6640
4164
3882
9923
6087
3039
7761
777
9053
9947
7026
3661
1098
2151
6553
4534
4374
6880
1497
2085
9781
9232
2964
8557
1433
3989
4111
4270
9004
2409
4246
1758
9606
3799
8365
5235
177
6763
1367
3116
3692
154
252
8772
5445
4771
4168
4376
77
917
145
9474
5756
1818
3904
7735
7878
1686
9548
6866
7519
2815
3095
8378
5700
698
1376
6847
5109
2955
8772
4429
2341
9382
9451
7327
819
5192
8557
7337
9864
1222
2795
4317
2131
8528
4549
7503
3746
6292
973
7948
9706
1651
8608
6544
5543
3389
5908
4650
7673
1663
8946
2791
4511
7012
9151
4862
4412
8041
9763
2902
1323
2604
4350
2336
6286
4053
1054
502
2120
2036
5090
1004
3365
8033
8663
5378
9663
8952
3075
980
1115
5973
4135
6747
376
3699
7261
8912
5617
2303
224
6174
9999
7351
2339
320
4135
4283
3690
1225
1753
8708
1153
4452
5285
7807
9127
9436
6054
3286
6356
7508
9163
9212
495
896
8694
6042
6219
742
6499
7891
7946
2001
651
7372
1180
3085
6900
5453
4396
4613
4386
3623
5109
2336
4160
184
2432
7737
2146
6546
3336
3869
372
1727
5169
5604
8742
2364
8081
4971
5708
1000
6488
5289
6079
3488
2525
1320
2250
8931
5771
3185
10
3619
6490
3286
2379
7986
3911
2455
5298
5305
4532
3874
8136
9828
4500
1406
4418
8851
9749
4286
4160
9559
1566
3328
6088
309
4113
1505
751
8558
6412
6761
7938
7279
7995
3239
3574
3755
7223
5159
8560
5093
6173
7235
5930
3165
4624
8527
3378
1858
3156
4466
5945
2430
2093
6959
5419
3436
1061
81
9873
9298
2795
5903
1204
3389
4108
2900
2196
6038
9864
8056
6113
7930
2978
773
1439
9274
8170
707
5129
2319
2292
6198
6845
8640
306
5211
6485
2209
2799
858
3300
3906
3575
1484
7012
833
8123
2648
8806
5794
1798
3691
3938
4137
8000
3799
7840
3875
497
3072
4742
3326
2380
3664
2004
2038
7415
343
2823
4311
4809
8691
2706
3637
2846
884
2332
8850
1915
7809
89
6740
5112
6078
2053
5281
3908
8342
9956
6735
7687
7889
3950
6086
979
4586
5577
1083
911
2365
8967
1501
8032
9125
8707
4661
9785
9405
6992
529
7661
5550
2271
4684
2393
6505
3240
5723
1255
828
4097
3946
2955
5608
6154
220
2496
8171
4507
9145
9741
1399
2156
8278
9179
3152
1132
3319
1461
4590
391
2221
3554
2906
2483
1492
3901
2822
6326
490
2117
3070
7737
7304
6282
1112
1285
3028
1335
5611
7769
4685
604
804
6794
768
6018
5702
1564
381
1087
3766
816
9815
6147
827
1165
7854
3542
3601
6041
3387
2549
8204
2260
8576
2928
7928
6866
8608
8469
359
3011
3501
7789
8661
8211
6008
6550
900
5712
4985
8183
7641
4112
2094
9205
9900
6837
3880
3304
179
9810
9108
4906
5676
1666
3547
1963
1752
236
616
3190
5629
8912
1027
8583
8489
4940
4057
9443
1132
8595
7992
3677
5519
4318
4356
7392
6624
7959
5033
5917
5452
6905
3891
8119
379
6369
6428
1891
816
9782
2057
401
5627
77
3657
305
3067
4082
5462
4890
7573
7084
9713
8792
5884
3030
435
3559
7451
6539
977
3335
3033
7852
3991
3872
8775
4380
6731
2195
6313
5817
7316
5965
1710
6319
1590
2122
5540
1059
4553
7805
1593
185
1901
3560
6953
1624
6198
7891
1609
7477
2183
777
5560
2342
3711
4004
9608
5550
5611
1956
9719
7915
2945
8191
5404
2301
2989
5444
4542
2412
2091
93
9117
6664
6151
6946
6406
8889
3869
3358
6269
3391
715
5677
7270
7909
3165
8428
7211
1250
465
4137
4084
8027
9418
611
448
9575
4513
9532
4173
6555
3078
5891
6593
4916
3009
4101
5364
7459
5395
4952
887
2764
3274
1313
4140
2205
6704
45
5414
3170
9217
8912
8376
2686
5498
7197
880
841
1610
1892
7966
3935
3389
1649
3787
2991
6338
4682
8298
8552
168
883
2656
1680
9691
103
5002
5532
4729
8915
4269
528
3343
6402
2908
6508
5234
7953
4284
7779
7829
398
477
3672
6812
1720
2452
5713
5532
3481
4669
7765
8503
5924
1328
7803
143
5426
3547
2150
6491
1386
5701
4315
3959
4404
2621
3632
9247
4090
1371
976
5760
3312
8074
6518
3244
5460
7640
7661
1994
3742
7570
5947
2121
2653
6150
9278
9959
3176
6211
7354
61
2996
1352
8915
2288
3498
1611
3084
4236
8589
3064
8563
1203
1394
1944
1952
2120
3900
3500
9727
6448
1962
9697
5758
7375
944
3362
376
8481
1001
6949
3996
6903
3891
5340
6994
1426
7824
297
7153
3370
1821
1639
7933
546
4319
9669
5877
6676
6360
18
956
7177
1337
2578
6936
2914
7255
8247
3998
258
6197
3062
733
3869
3231
8878
3349
4458
3267
9354
7058
8435
2973
6977
6966
7475
1981
2444
8817
3600
3516
9561
7063
6293
3117
8204
3914
133
3870
8982
2043
6384
6372
6333
7813
1343
1598
8205
3926
7843
63
5167
314
2685
4970
9129
4505
4429
69
2170
9730
9108
5005
6486
3440
4234
506
3089
4347
2754
1512
6675
4023
5328
1897
1484
9675
5166
5323
5858
8619
1264
3977
9542
8623
3569
8615
1062
3415
8213
487
5118
7435
9359
7101
5894
5052
4493
1262
2015
4651
6932
7196
1912
6931
1472
1346
7709
2440
7097
220
5570
9091
2389
5765
7499
1108
4772
5999
4251
7283
7791
6399
4041
804
8091
6669
1317
9458
411
9108
6471
8729
382
3032
4875
6784
1081
899
6025
4158
8164
613
5796
2355
8377
5735
6469
75
4136
7529
4875
7018
4745
7984
1655
1497
69
2137
2352
6289
4072
633
3121
7083
1543
6412
4490
7078
3600
907
6492
7149
7025
7377
3621
9460
601
6652
2930
8512
7621
7489
1284
3248
2074
5240
1783
2573
6623
7545
7906
2258
8190
626
6419
613
6892
7113
6010
281
4843
7055
9004
2778
7797
5562
1565
4290
6137
2506
8688
6495
2106
9768
9516
5719
4406
4591
1358
2279
6820
5747
6491
3879
4965
4825
2740
777
4107
1896
1511
7702
6614
9914
4697
801
4585
2415
1357
6312
5738
6049
9811
674
9479
6215
318
2981
5179
7252
9541
6574
3584
4170
7585
4521
9090
9033
4566
6180
2946
5813
6550
9567
5764
1854
2229
3886
4359
1342
1062
5268
3004
348
1100
1126
5830
1292
6937
9754
2079
9410
6650
8996
3923
7671
9171
5664
8725
820
6154
1007
5032
3200
5466
3082
6697
9100
4061
2858
9206
9295
3105
5612
8542
2696
1584
4379
6463
6774
1293
542
582
7177
4080
2710
9170
8096
6403
9678
2149
5725
5140
5680
1873
9108
2764
3216
5483
7622
9558
5482
2357
1448
6196
5565
1628
1513
7731
9037
3513
4163
4380
3330
4134
9152
7547
6266
2117
722
3876
8409
9996
1416
5289
5651
9822
1326
7913
5536
6732
1865
454
2932
1978
5757
8912
6711
1917
5287
8924
119
2318
805
3709
4363
8253
5083
8721
1480
4476
9229
1431
6251
2556
7357
8257
9252
3495
3135
5880
9321
7510
7658
4312
2010
6921
525
1499
9594
6708
7954
392
4458
4777
6339
4900
1200
85
6808
5161
9849
1473
7733
9494
4676
1753
7079
233
3140
827
2254
5746
5097
7096
7712
9178
607
8889
9018
4221
1825
9475
67
3585
7803
4721
6620
6770
6579
5833
7981
3336
8215
7955
9883
3957
9150
8646
3860
3999
289
1517
3026
6275
1334
2139
6251
6886
2568
1314
3619
9815
6162
4098
7174
7500
1903
4645
776
1589
1563
9805
2295
8151
617
7745
550
9751
206
61
1944
2476
1392
5440
5360
870
8500
1839
8588
2981
1943
6
2934
3457
522
7948
2946
4384
5826
9915
7784
8628
1964
8236
5023
4062
1251
1924
2020
3669
6771
8822
3106
7664
3083
1732
9983
5697
7209
8655
9311
2750
6795
8964
2989
8866
9823
3331
1383
5791
8989
3499
5464
6145
759
827
5956
9446
5131
8770
8904
3012
1155
2595
5800
8785
6474
3761
8695
8312
2336
5505
5395
9767
6493
2636
5714
4441
8350
1139
2803
3733
4670
7877
5162
6123
2265
6012
960
1725
5952
1948
303
7007
1631
9828
9182
5854
371
6178
8420
9249
95
60
3298
8697
5314
2836
8483
762
1147
1796
1596
1429
8492
9529
8531
4472
4108
9001
6468
771
6971
1009
4062
5064
3576
9884
8586
3812
5828
7644
3947
2660
7156
5520
7395
4334
312
1272
2421
4551
9327
1459
9685
4629
8557
3923
140
3934
4830
8589
2804
8836
1556
4463
6388
4985
4956
632
6324
146
739
6759
8341
1174
7340
182
992
6752
4948
4507
8329
5305
596
788
5609
1789
25
9526
2542
5638
4920
3501
8204
7039
9280
7962
4031
4802
9963
9369
4779
6706
3899
7020
8040
5928
4136
8789
1171
3359
76
6315
2641
6449
9725
1038
4330
4761
3210
1232
4240
6619
4670
2480
7374
1221
8428
149
340
8316
2787
9786
8806
1329
5688
5998
5090
1488
806
3219
779
1005
7737
4484
3109
8277
1757
189
4741
6300
3231
7627
4642
8146
4722
6712
4868
2808
6850
9386
2892
7075
5719
1947
7730
7206
499
79
2634
6175
5978
6037
9721
8359
855
4864
2958
2979
6761
3342
3030
1705
702
1860
5014
7963
3420
5232
1751
6766
7616
6767
2155
4204
1756
2238
1087
1106
2500
2031
4174
2522
2870
2722
9830
5739
5420
7968
40
4752
3656
585
7756
1755
7394
5835
9407
6114
648
9531
867
8770
9996
9944
8239
4905
9892
380
9621
2228
6996
3578
9130
236
3607
8409
659
7661
9373
7536
3965
9278
9786
4861
6054
1854
2106
1720
8716
5726
9159
7689
9918
5265
8846
3285
7852
4434
6328
4368
111
233
4985
9733
3058
99
5694
4468
9430
440
1953
1877
4407
2214
4741
3649
2788
4511
1542
8613
3198
1397
297
1704
6657
8595
4789
6694
9039
568
5413
7037
9110
7337
797
4355
7668
3692
7328
3884
4536
4771
9652
4583
8154
4992
8353
4019
2766
6370
4956
9588
9908
507
293
7497
49
4773
3340
6631
352
9960
8540
4541
3299
23
1611
6106
9761
2249
4976
5172
6903
1533
6615
2753
9816
2403
506
251
8730
8969
472
8779
3472
3096
7794
8428
3786
9376
9123
2665
5182
4544
8950
6819
7194
5684
5341
3557
2167
9368
6507
8618
4427
102
2555
5343
2907
7279
5953
2167
6146
4105
5856
8215
1030
6090
1263
6786
8467
3893
2475
9415
7834
8226
1768
5433
9755
5439
3316
1214
6029
3278
5005
2418
6060
5111
9071
3261
2263
5498
5258
4502
8924
1288
6417
4249
1945
8770
2224
804
3365
2244
543
7979
477
8533
3309
8622
2401
6753
8339
9053
8516
6320
3266
6978
8357
601
7272
1732
8787
6760
1156
5553
8371
1693
6082
8480
3311
3585
9739
9974
4157
8917
6731
672
4650
907
9979
9136
8682
3215
4733
7576
2448
2018
2669
5942
4898
8459
7456
8025
1151
3540
81
9962
1114
8282
4684
741
1608
6685
1629
175
4239
2041
8433
4891
2039
8121
2527
5977
9000
5552
7661
2822
69
4156
5024
9265
2322
6501
3861
9646
499
3212
6561
3072
7871
5544
5995
5300
6512
1260
6563
6382
9920
222
9283
5295
2460
9249
8265
8252
3890
7029
6709
3686
2968
2750
5146
3474
4547
4597
2848
1869
9120
7023
5029
9711
2759
8911
8216
5763
4332
644
7062
3753
4314
8556
370
2508
638
9867
229
9588
2389
4362
8368
1066
7815
8280
4688
4378
4935
5772
6540
9549
8237
8659
80
8219
2993
8983
9957
1107
3211
32
6008
5182
7546
5066
3788
8015
5988
9020
7201
3822
7346
4375
5594
7265
7491
8508
623
8400
1718
7750
5567
7754
2477
7700
8221
586
8842
969
3474
555
1810
500
2021
8520
7260
9774
3705
3334
1620
4859
4886
1208
3402
7346
4121
8186
4126
1075
7518
3029
7750
7846
899
8689
7013
4724
5954
2280
1278
4397
4761
4435
8758
5415
6644
4801
2876
9710
1595
6937
6849
7400
3793
5146
8456
1495
6944
5813
482
7608
7144
6472
9788
777
7605
5042
5622
5101
6420
9081
763
8669
4943
9450
720
6167
1230
6688
193
5197
7971
2634
8694
1403
9324
9213
2386
3675
1487
1701
2217
5189
2891
1728
9896
6605
5161
3518
2357
2287
2297
9811
1592
5353
8781
7315
7359
3883
3824
6297
7066
3280
5421
8264
493
1263
6290
9729
186
7816
6333
8758
1470
7673
9697
5226
3057
6821
7046
8702
7144
5789
5711
6255
9818
2176
6437
1219
1871
8732
3610
2053
5432
7765
5510
3079
3700
6304
1382
8088
4942
4895
8123
2449
6109
3674
6671
6202
9428
4922
6110
9874
4703
1887
5323
4660
8911
4516
6270
2155
1686
5454
6768
1897
4475
5855
8960
8593
3375
1166
8797
498
1184
9915
9833
4177
9061
286
7590
2497
4844
376
1274
7761
1922
1486
7559
8596
552
3304
3738
3517
1730
9768
2921
2495
7537
3031
6901
7441
3898
1420
1739
719
6072
8186
471
747
8127
3867
4473
660
7159
7791
6910
3368
2605
9442
7075
4042
9930
4342
3140
9172
3401
2839
9289
9344
1982
9059
6810
6388
6651
4390
1585
5143
2433
9626
6740
8674
3183
9429
247
763
615
2922
5791
5712
2883
7393
6781
3980
8080
7650
9642
3617
7816
5961
883
4122
3683
5885
9290
2099
6444
4752
2412
7293
4165
9306
3451
2817
9786
3524
3578
3836
8966
2390
5805
8635
8393
1988
5236
2438
1342
4777
9887
4575
6312
1871
1727
9639
9840
5670
5146
9005
7777
9448
8002
4486
1652
4506
1651
7175
1856
5500
5440
1353
2283
630
393
2007
350
3422
7607
4651
2847
9133
8212
2351
1660
486
9536
1437
9718
1893
9312
2853
8837
817
3182
9691
4657
2578
3857
8443
921
5650
7155
9343
1239
8512
9182
8303
2132
7989
3256
7559
5548
73
838
6151
6345
3894
174
949
8484
431
5285
4047
344
8663
132
292
1854
8670
9017
3931
3370
315
247
2718
3933
8777
4203
8924
4103
6892
417
8313
1692
4024
9472
2136
118
2103
8460
7649
3062
5483
6449
8218
1180
7451
8824
1119
7560
3452
6751
925
3333
1039
1753
4835
4526
9091
2960
7479
5825
1329
1245
5619
8653
6820
2282
3454
1990
8923
5034
8874
5513
2068
6237
5684
4436
4045
1121
1581
1565
3543
7565
1816
4384
420
6133
8212
6429
3566
4205
1051
4778
5260
6783
4848
256
1677
1855
1806
1301
1449
8476
7320
2034
5698
8151
5962
8869
2839
6805
7189
754
9586
1481
8785
8196
9648
7597
7911
4602
6043
4697
9921
3225
2364
317
3508
1566
9372
9909
9035
4895
116
6346
3202
2980
5070
3374
1154
4671
1363
4351
5696
4175
7282
9477
6225
4744
8092
4452
3597
1483
9625
8043
1226
2153
4771
245
9219
6987
5723
9129
8117
88
9274
5051
3112
9780
5795
9705
3635
7991
2987
9636
8800
2047
8839
6664
9839
7310
9864
2598
5624
8244
8880
2602
1150
5151
1510
4466
4834
3641
4712
9309
3297
66
7291
4958
6709
8843
4076
9546
1097
832
3658
5273
402
9843
3478
1636
2121
9684
9957
9481
9448
4910
3959
9083
6097
8002
3723
6962
249
5098
4389
913
1327
4420
4347
2233
3287
7070
9713
6385
3129
975
1978
5167
2986
8506
1167
5432
953
8082
2697
3506
2642
730
587
5762
3505
7737
5693
5632
7362
4915
6172
954
4288
5952
8921
8722
1736
5932
7282
9007
3030
4999
9518
7683
871
9164
9988
2133
2106
7594
3984
2141
9586
4576
3573
1568
9482
2254
6094
4174
1525
5894
3748
9636
4973
6453
8056
467
5322
8860
8137
6778
1531
5220
97
7658
5950
163
3492
7874
5964
7290
2761
9694
2434
6889
5522
9147
7293
9815
6982
9602
4718
1737
6197
2776
1602
326
2560
9665
1163
1357
149
8748
149
9915
8432
8593
8692
7115
7770
9858
7500
6506
2809
4239
2064
1585
6629
4540
3660
172
3319
5580
2265
3592
2658
7204
7744
4089
4700
8741
7831
8691
880
2412
7248
8991
6441
7935
1055
351
1296
7540
8419
7889
6996
1789
2388
3376
2792
8926
6980
3241
3949
6270
9119
812
6584
1077
9758
9678
3033
7558
7071
7723
5779
1113
9244
4807
9271
2423
486
8360
1494
7107
3156
1918
222
2397
3208
8961
7782
6972
2533
5376
9401
7742
619
8931
5111
8061
3842
9147
402
763
8120
1394
1081
361
2880
537
2021
7580
2012
2620
3195
7380
5467
9193
821
811
4904
1400
3845
5320
6764
8087
2176
444
1309
2049
4022
7617
6168
1728
4340
4477
5743
6588
6452
882
5635
7734
6645
417
1686
2112
7130
6585
4568
9593
3421
4625
5375
1853
1734
1782
8233
7271
7197
957
9479
8113
2582
4781
2546
8480
9099
5331
9701
4513
9099
3136
5304
624
932
4259
4409
6199
5237
1860
6001
6831
8982
6004
9761
522
190
1353
8240
9384
6961
1460
392
5701
366
3866
8430
7272
6553
3200
3394
9404
2206
8797
8390
6473
9055
2993
6395
7664
9673
121
243
4271
9993
8166
8784
9416
152
3537
6418
2451
9740
2434
8155
1243
3646
2721
72
9092
7207
4599
6456
9654
654
4464
1965
932
1565
4261
7125
8173
2295
8195
2355
881
2722
9077
4601
2113
970
7019
6892
7054
2102
7047
5504
9835
1394
4530
6720
5404
8358
7193
4228
2130
625
2558
6240
1750
3921
996
4350
8515
139
2256
9070
6172
8832
2997
9334
2946
5316
9311
459
7838
4378
7672
2673
1317
2923
2890
2483
5492
2456
2565
3465
5146
7203
8700
4166
6838
2958
7255
878
2802
3742
4629
7523
916
1479
8662
4567
4153
5464
8038
7254
5800
186
2949
4031
4052
4267
9463
915
84
218
2130
8412
3375
5500
6184
4564
2723
6162
5231
8398
6705
5661
9066
8372
8674
7946
3804
7513
6985
2676
5857
3750
476
8369
887
3157
7532
6643
4734
1156
2595
4733
2862
7914
7906
9937
5547
5953
3664
7629
9070
4461
203
8098
2379
9017
5495
1172
8253
9827
2436
2098
1646
8763
7971
4462
4300
9960
46
4620
936
3269
190
7078
5594
3296
2889
1128
4472
8106
4507
9627
9366
7081
8545
9167
3784
7975
5091
758
5130
8475
2329
9355
6452
4013
2019
1265
9299
6416
4434
7249
4420
8210
5861
4388
8517
4682
4626
3699
1464
6044
8459
1508
1508
8743
8375
3680
829
6034
3368
6717
4349
5734
3983
7029
4972
9539
6751
3000
4718
6559
8248
3261
3080
107
7670
5191
9033
2205
3017
2511
6608
4204
5617
2283
6509
8842
6311
8305
9856
9898
4779
1229
6434
7921
6043
2146
7768
8604
5298
4542
4475
8146
9690
2039
5967
9567
1870
7130
8354
7345
5251
6240
7721
4578
5621
3078
2297
5545
6137
951
8791
871
611
5836
8877
4473
3328
6287
8670
665
5557
6139
5110
5827
9140
6902
8315
7452
8385
1561
5393
4778
3204
863
3745
5709
7393
2262
2605
9005
3922
5037
3919
5667
1347
3444
5722
3673
4570
7398
2715
8485
5985
2239
3341
7142
5686
6141
6583
3019
4600
1813
8471
2364
4676
7741
9050
3055
5406
6727
9524
2888
1493
8211
1219
403
5017
3649
6851
2817
2513
3769
3200
7821
2405
9048
9955
3755
6198
3631
3043
9370
3128
606
3638
2688
3437
8778
1715
9255
3558
2695
7169
4537
875
8941
2524
523
7161
8264
1913
8453
7477
9318
3901
5847
737
581
959
9317
4456
6751
494
6355
5317
2632
1496
1780
6096
235
4272
3799
8930
7965
1143
9915
1339
9190
5026
7335
7613
7918
3147
8571
4694
8516
5389
175
2332
6907
1002
1049
7814
3976
8969
8186
9323
6205
3117
9135
970
4996
5917
7591
5221
1356
2357
8770
3658
1336
7466
3677
5856
8301
4727
4912
5734
9924
621
7306
2086
6302
8106
3722
7477
1504
379
6952
2957
9258
50
3414
9526
4867
3962
5379
893
1467
4183
6274
7023
217
476
5105
8388
8284
1161
6743
7920
3960
7744
9770
6982
1925
8006
1842
5262
4890
7114
7432
7572
9204
3503
1066
3444
4497
5740
8200
5862
5923
7523
3241
8915
970
1454
595
2090
8
8672
8409
5952
2968
7302
8170
5260
3259
5022
1780
4463
8973
4384
9663
5213
1013
9658
6477
7108
1157
3942
8574
7922
1382
2704
3589
5437
8798
8382
8162
976
923
1264
6384
6096
8578
5786
3314
5033
9771
7692
8411
3528
1685
760
9190
2190
7894
3838
4343
2769
3504
143
2985
2726
7590
8781
7601
5448
2496
1440
2308
7731
2770
3432
8867
7810
1154
8838
333
9784
8218
9784
4691
3777
7835
756
3968
2549
7567
2790
4814
1637
1923
2836
3386
3667
1848
2847
2881
6850
5478
7881
3884
4543
7115
8335
6202
3219
9625
2708
4847
7388
9047
771
7038
8707
1600
382
6699
5860
4971
3615
3058
2737
4870
6256
8232
2590
4836
5694
6926
3718
3407
1600
3225
5280
8746
6364
9555
1314
4327
9703
2913
2327
3345
3835
121
2650
3805
1149
5481
2547
7595
5592
7461
2190
456
414
3828
3750
5237
2671
8375
590
1555
9135
4655
1714
8617
8875
444
1700
1587
3815
2006
5865
8256
4449
4648
9535
6193
7032
6055
7276
6440
1087
8565
9086
2613
8410
6355
8937
9383
6647
9224
3137
7656
8749
4293
643
960
3057
4166
5001
9172
3832
9815
8845
1601
3033
787
1449
9975
6837
6106
1281
9884
3895
3726
2458
1693
1939
6559
2993
2475
4701
375
6546
2877
9447
1208
9733
1811
2051
2098
9227
7890
8608
4138
2499
7483
2592
2195
3851
1866
2867
3003
8367
7944
5022
1953
1355
5469
3209
7884
4030
4018
6978
6998
990
5814
1422
6946
7496
7406
973
3205
3680
2924
3342
2760
5312
383
3345
3316
8476
6427
8655
9661
7892
7232
2369
6436
8888
9015
8010
5342
9399
7693
9663
3365
3123
8766
9157
4254
3042
4235
7008
4309
9794
8523
8442
5863
9424
907
5207
162
9105
4480
2649
3116
4367
4374
9485
8881
9044
2419
3748
2117
7916
4802
3786
3543
4125
4476
3114
287
786
2433
720
3037
8028
9947
408
2272
6144
6984
8057
190
2389
7010
9771
4970
9655
132
7662
3075
6411
5110
7351
5920
1159
9172
9509
6505
3570
901
2808
328
6060
5257
3104
640
4891
7155
3649
846
9127
9749
4508
9357
1005
9547
5173
7935
2102
6079
3192
4087
1457
9820
7770
2047
733
3645
7063
6945
5955
4765
8038
2235
470
4229
5270
9807
5008
5674
627
2635
4982
6675
6606
7071
5310
1230
5113
2661
3934
9742
4823
5051
630
2595
7389
2177
2055
4685
5461
5041
3313
9831
3698
2169
7119
1083
3411
1712
3219
3383
3168
8989
4905
435
6980
5536
4344
5081
8819
9804
2433
2700
7203
4337
1525
6486
1409
3438
2690
9148
2071
5196
8773
3679
7966
5465
2068
8509
4379
2119
9558
6492
2203
8336
842
6514
756
2315
257
1703
4980
262
5139
3508
3987
5178
2183
3805
885
18
6369
6874
9953
3224
7758
2392
2853
7391
5945
6868
4001
8817
1655
9907
6438
8597
781
5656
3521
8967
8105
5493
546
4481
8741
2600
2895
3493
6800
7640
7929
3954
3005
2408
2206
2634
4797
9219
2874
1434
8032
8192
3840
8548
3350
4858
8645
4104
3226
9822
675
2434
6836
5836
417
3229
8246
8520
843
3873
6748
6016
2281
1098
3637
5550
582
5386
684
5470
8825
6437
1521
5037
5690
5538
4373
3972
2213
8658
3885
9762
6804
1438
7440
9032
6524
8948
1892
229
861
8514
3694
6114
8020
1089
4928
3151
7285
6063
9320
8152
391
9525
3385
1646
1651
8610
5408
8916
8629
7780
4735
1711
8563
803
1569
417
8210
5000
6866
2288
4469
1820
6809
6904
3623
6538
6739
6786
1171
5648
1890
86
9618
3599
776
7473
6982
2516
3595
119
5317
4284
6082
2122
9663
8247
5546
1786
9095
8326
1072
9168
9860
1657
1412
773
6510
711
7867
4054
9241
7499
4197
2444
2028
5886
1484
9247
8994
2463
7069
406
9385
6128
7508
5916
5049
4975
6944
9064
4642
9869
3027
3722
168
8640
2340
3788
877
7824
1272
3188
4921
8923
9513
2796
9301
7326
4784
8134
8036
1679
4952
4582
1888
4570
4927
6527
7933
4237
2842
8768
7016
1775
4927
7496
6433
7431
6070
8912
6607
1317
827
4682
2398
3216
9089
556
6351
2266
2962
5932
5613
8020
1029
3388
3455
8450
488
3901
6276
7167
6382
8309
9200
3390
9239
4069
2687
3019
5520
6248
7039
1788
7019
440
6626
2262
9048
7222
4591
4420
6446
6048
5543
5251
8733
7974
8873
1461
6400
9853
5957
7294
5701
8224
2226
9956
8445
5801
3672
5862
7878
4445
336
6234
7187
2832
8784
3786
3508
9566
5992
7189
566
240
7546
6399
7015
356
1597
7736
9374
726
4985
477
760
3951
7479
4173
4549
9118
7800
9747
6473
3252
1466
709
8855
5964
8075
6608
1251
7188
1119
5698
5490
8912
9891
4463
3271
512
8820
1146
8387
6429
4929
7977
6148
3925
7692
2284
7176
5876
2371
2386
7907
2055
3630
5717
7164
9850
1021
9168
3608
8875
5619
1210
8928
7447
4962
7715
5773
632
1448
824
3032
9364
9383
4242
4076
316
5481
6549
669
4766
1460
6345
787
5207
2725
1395
3414
9756
8435
1690
8387
2007
5430
5995
549
1900
7391
7356
3038
986
5396
7634
2730
6019
9598
6631
1920
9744
3959
1683
3466
2775
9920
2474
1600
3583
2242
9431
8996
3670
176
1404
7655
4334
5682
3151
956
7134
7107
3324
2624
4602
1266
7461
9545
7759
6803
741
311
1075
263
7549
5511
1996
2441
1907
3313
4930
9991
4474
1364
8131
7835
9496
8633
3381
7164
8514
3820
792
6534
8523
6445
8288
6883
4623
7306
3429
6349
5047
7833
6733
634
9500
8312
7242
529
4972
4853
76
9891
9349
1328
9614
9291
9193
7074
5733
3515
8871
8342
6552
1150
4447
9134
2990
9029
9934
1775
992
6828
9298
2233
7260
9309
9789
7874
4129
2234
4305
5594
3092
5859
6453
1055
4335
435
5083
2306
4076
5574
5042
7915
5552
7271
5836
1784
1684
7500
5297
981
5169
2598
2150
7835
8802
815
9519
10
7102
3967
601
453
6154
4995
9673
7785
2496
8540
7437
4870
1137
302
6491
2770
7616
5079
7278
8642
6006
1545
1701
4597
1965
5471
3837
675
7755
3060
370
6106
8439
2651
5446
1519
4804
4697
1914
2581
2231
1303
8186
6462
9917
2979
4601
4460
4135
5534
8586
107
7054
9608
1353
2578
1578
2540
3747
7207
7073
4520
9748
6006
4721
771
4196
9964
8325
7543
862
2098
3508
4962
99
1815
4246
2309
2844
3499
1329
373
7432
230
466
3425
5720
205
4325
9121
5458
3548
4144
3616
5367
9718
7568
1847
6156
2960
3045
776
4394
4155
5835
2796
8963
9510
7661
4193
2485
2359
3951
2615
4194
845
4104
4093
1204
8989
3997
7092
8244
9073
6833
8442
561
1214
9645
4847
1225
689
9955
8521
3706
205
4496
5424
7530
1052
5954
7034
7299
5386
8792
2896
5525
309
6457
9280
2028
1818
1101
5761
3244
1106
4437
4910
8468
4017
7535
2573
9400
4318
7888
3279
7398
1647
7862
6256
2038
1414
1424
245
6021
8769
5946
1339
6628
9882
2977
5464
9129
8449
293
3748
8192
602
9886
9003
3578
9508
9254
7937
8436
3177
1819
8177
1272
1159
122
4537
8448
3774
7299
1474
4091
1247
1780
580
7173
7861
5728
7118
2992
7486
3774
6280
740
8718
464
9049
379
7957
8913
2152
317
8512
2633
4652
8805
3063
4585
4427
6952
4891
8786
2685
2449
2900
8742
5927
1691
5362
6105
5554
8560
690
1517
6422
2177
5598
5316
8070
1870
7130
6580
7139
1389
9938
485
3529
7589
3880
2149
8214
1913
9688
7619
9357
4454
9604
1295
2078
5247
6724
4609
3828
9805
6254
5057
1768
309
5046
2520
4320
5840
3736
4524
7271
5878
2097
9030
9606
8801
6190
2277
2835
3747
5296
4850
5269
7146
4186
3893
6750
1824
7259
5581
6924
5704
3152
9604
6893
7753
8304
8471
4597
4218
9856
7773
7047
8142
7278
1899
7793
6811
8312
764
7640
3340
9294
7716
8929
7013
6770
2901
5937
651
2886
8004
403
3181
8994
5310
5060
1178
2167
64
6844
9679
3956
9941
3572
5224
6596
3666
2808
9937
9096
1394
3896
1459
6335
3278
5660
3961
6560
3019
2058
9213
8123
1274
836
86
5767
3474
5036
9316
1548
761
7050
5931
8507
5232
4591
4081
8090
6272
213
439
6234
6814
9189
5052
3873
1190
3429
299
9153
3866
5033
4547
4852
8280
949
5832
1126
7429
4053
411
6708
4959
6829
1466
6484
6296
435
2429
2919
6089
5635
8879
7244
1219
5967
5774
3419
3496
4722
2474
3235
5736
2627
9220
2374
2363
8772
5417
8763
3188
5714
8854
1174
6740
7533
1413
5794
3994
2548
2213
8381
810
5375
74
5942
5997
5398
7939
4642
5361
4581
5060
2256
3874
4661
2865
843
6351
8245
6722
9944
8875
3442
5972
3456
4880
1375
2282
5390
8645
7101
4306
287
1192
5791
2355
8608
8578
4643
3572
2379
6103
8450
6802
8921
9305
9032
6569
1379
2675
5038
5845
3727
3141
791
8716
6640
7714
8766
5810
4940
816
3359
6436
5342
1082
7877
3413
8947
3504
4424
8853
6323
9835
2690
7784
5855
455
294
7299
9289
8331
749
1435
225
6750
8755
2465
4733
6912
417
7704
6206
2717
4809
7515
9782
3391
7172
5890
9810
3952
3829
6170
2063
6610
302
4332
8228
7014
9228
9870
8382
4810
9356
3421
1777
2936
5650
9535
4136
8203
514
8134
640
3249
329
5952
280
998
1462
360
8149
9723
5057
6973
5777
858
2491
1202
2225
3009
6921
5935
9052
9915
6022
4767
5111
7669
9341
2701
8230
1217
5654
869
8816
7958
3480
8666
9995
2012
3048
5529
1304
4939
6950
8444
7752
2184
7
4238
9544
7404
674
6321
2335
7740
172
6293
6507
5790
3088
8057
4668
8887
5930
792
1278
5597
2416
5931
9805
3813
4170
8088
8058
4965
6355
572
8318
9024
9995
1577
3202
8816
4266
539
1200
4667
1840
5904
2020
1070
7356
4011
8040
4459
9764
6174
7817
8098
7721
617
7172
1970
610
1570
209
9432
4133
510
1567
8617
13
2182
4950
3435
604
2172
2317
141
5639
9344
7127
5018
5311
6172
8845
5606
1311
6819
5455
3305
3548
6257
1200
5296
9928
9518
3445
8229
6635
691
7311
1913
4979
5461
1292
9536
2087
7647
10
3959
4927
6831
2833
6888
4751
3378
6054
7913
7410
6967
8350
6868
8121
5247
9640
3660
7935
6793
3536
7591
5002
5202
4188
6347
1632
8621
5301
8551
6670
1961
6429
2530
1516
2003
8954
3422
2169
8247
1784
559
2926
4929
1924
746
1420
4223
1778
4317
2735
2086
1583
3062
4686
8274
3831
5611
4503
3461
9380
6028
4011
413
5788
4261
5077
5133
4531
8958
2098
6086
5619
6149
1582
9870
2274
6990
826
6425
3264
3602
8928
5079
6065
8141
8472
8860
4899
1280
7439
1847
9052
9483
9971
8419
2510
727
3670
6241
4315
5248
867
7930
1482
5806
7307
6913
8164
2195
5306
5658
1967
6568
9245
7379
3659
7155
7262
9469
6464
5351
270
7369
9383
1352
4426
6068
4623
6462
268
6943
215
6329
6021
5363
5892
3225
2747
2931
9412
6308
5877
283
3505
7947
6708
2183
2256
6872
5339
2894
7481
7338
4847
681
9544
3273
4298
7623
4190
413
1993
3664
6709
7045
64
2001
656
5485
2058
3851
581
1559
2930
9393
7587
9112
1239
2933
6298
4539
8789
4585
2367
7803
1525
7122
5357
1261
7490
6573
132
5878
6299
2274
6294
4331
4074
359
5181
845
6455
1002
9984
1090
8220
7002
7094
2872
1264
839
7475
3730
6852
4935
9345
4521
1382
414
2727
9324
6016
7647
3907
700
8374
6641
1363
508
2322
8786
6193
3135
7632
2333
3564
7466
1159
8188
752
6960
8631
7646
4012
1922
9552
1955
3181
1264
6357
3570
4292
6232
4248
8948
419
698
5394
8406
3736
8475
9525
7415
1734
3384
547
9743
162
3630
6944
3092
9304
2864
5568
8436
574
7346
920
5208
389
4262
833
4171
4826
6015
7980
657
2183
8973
3161
1468
6979
145
6262
4189
5474
5627
5770
3194
3871
9126
8169
8881
7102
626
270
3594
2947
8464
6391
9659
3646
4285
868
1214
2607
7272
5339
6669
7927
7985
6098
7127
3342
883
9282
9813
9094
9027
3038
8971
6378
1043
2598
2597
4031
9920
5115
2391
2009
9065
5035
793
5108
6069
6094
7861
737
9402
9552
9889
3262
7670
1995
2610
3259
3730
4358
9456
8429
7871
3178
6320
9601
2707
8436
5281
8204
9624
8547
3950
2323
3249
8079
6422
8870
2815
7880
6040
6320
7566
8888
5702
2642
8300
2088
1732
2555
1685
1077
6426
4890
3713
3230
2700
858
3136
6308
1187
2081
3332
6244
9489
9944
5471
8974
9912
8397
457
3709
3093
6880
3806
9506
945
4801
6129
6226
3901
9764
3964
5000
5285
6012
1778
1144
351
6538
9317
1623
4113
4262
9512
7071
7803
9300
5385
4451
2863
6075
3016
2115
4970
975
8084
241
6331
6721
6249
7864
6401
4731
9931
2451
4840
1981
6161
4977
2314
9617
6212
7484
5789
6182
5817
2622
9296
8171
4429
8082
9053
5975
6319
4119
657
2033
8923
4986
5592
5063
5242
902
1600
6749
5603
2224
4114
4359
2624
5213
1395
7747
4440
9905
3365
2409
366
4568
8777
1264
9621
4714
1870
8244
1744
5559
8458
8043
3635
8053
4101
3399
6153
1809
1611
7443
2878
671
5525
6134
2001
3554
6740
4391
5433
9593
2734
1892
8675
6690
7759
5505
4181
2479
3867
7699
3098
5288
6462
198
5453
2659
6213
1871
4975
4705
21
9163
9959
6119
2258
2158
4783
3302
8816
895
3818
5369
709
5285
6591
942
681
2238
3376
5501
3302
7390
6388
5073
2332
758
3276
6248
8009
2500
8426
483
7982
5001
5128
8729
1255
9264
2510
4336
994
9833
8009
9237
1010
4275
7211
7400
5451
7909
714
7984
4915
4532
4166
9131
1337
8685
8115
3233
8034
6210
325
914
7614
6451
5875
7847
6946
9106
3117
1391
5668
4477
9314
746
1871
5446
2525
6125
1107
1380
5912
1171
8423
7913
1108
4455
9342
4573
1563
2092
9727
7735
4241
1862
9663
4796
8333
5508
3723
3827
1512
8316
7766
1303
1330
6761
3500
86
8450
5512
8167
545
8780
6043
9112
5003
1644
1758
3144
3228
511
4909
6292
3068
5597
105
4308
5764
101
6126
3514
8870
5850
6661
1105
9341
6796
6179
6092
6782
2662
4533
4971
114
3417
6833
7174
2871
7199
9338
8313
6986
7811
4465
1319
6063
4845
2073
9044
3327
9280
3733
170
4423
7928
296
2289
7653
3109
7044
4168
2813
9438
3173
1621
5759
2778
9765
3577
9881
7219
8258
8160
6337
1211
2541
513
3
3039
4882
8909
9625
5145
1245
8721
2491
9824
79
8423
4226
8606
6223
3583
7382
1478
9034
5097
1502
5402
2328
6020
9567
7514
4459
7653
9750
3020
3036
9716
6291
8564
5983
3007
2898
2938
411
3231
5522
790
7735
2889
1239
9550
1868
9068
4089
9225
6584
6874
8458
7440
5118
6932
4631
2700
9169
550
4893
7448
8746
724
5950
312
224
4647
4003
1863
9181
9020
4457
6459
2056
8224
6200
4726
7216
5785
4473
7994
6620
6662
8708
1467
9663
1209
478
3377
2549
6327
8202
1742
1221
3982
4707
1906
9061
2250
9400
6133
4697
275
8746
2177
8925
670
7747
2832
769
7925
1688
3827
8094
3782
9725
6079
5513
4640
177
3330
8261
5477
7534
2630
4182
7725
343
7577
3756
6948
7637
8344
9848
7335
4985
4393
7713
3722
2056
5697
9434
3802
4827
1512
7538
2499
7042
1646
2608
539
1669
2459
7742
9564
1918
570
7903
8599
4057
7357
8850
8852
8115
1662
9973
3412
3072
4544
9053
7728
1324
2104
6361
7215
3872
230
4176
9300
9934
978
5284
4129
1997
2980
165
4652
9197
8938
2639
7702
1198
878
2632
9861
3119
4392
6722
4211
4191
8829
8119
2437
6076
5183
9693
3608
8479
4506
9638
3539
4145
3967
871
3769
261
4222
3996
5603
7860
9979
938
7526
2657
3720
7749
8963
1113
4963
472
606
8456
6143
5901
6877
9052
7908
6027
2287
935
2918
8119
4132
2502
850
7794
2421
6681
8979
8439
7956
6736
8675
2551
8779
2892
3370
1965
1592
1075
5963
9631
7935
709
4101
3834
3048
1441
8488
408
5319
9327
8752
3830
595
5489
5254
4644
4099
543
2892
3558
535
5307
1337
274
7408
8430
8830
742
8677
7568
6405
3879
6555
9047
201
3909
9901
5289
9421
9899
5827
5534
9668
8336
2385
7104
8462
8377
7680
6358
718
1452
6270
7701
1425
1996
1237
5406
5269
9479
2785
7815
3751
8405
4899
2746
1983
1355
1967
3882
8320
3579
7250
2039
4
8929
517
2948
7258
7846
2113
5112
439
7283
1310
6117
9792
1896
5794
9858
9066
1789
1191
4365
5211
5438
4794
8760
274
5250
8674
1628
5384
4507
5065
7861
8677
3966
3535
3805
9927
3673
673
9737
5487
2620
1362
147
3425
6342
8307
9638
324
8045
6193
5473
5943
2531
2535
8511
4719
5525
433
9288
9592
8847
7413
165
2115
6417
725
4863
362
872
1003
2175
3291
2809
2412
573
617
104
7155
4325
7545
2970
5314
8714
3689
6414
5335
2519
1582
6902
5916
2427
2341
3019
9700
4009
818
7313
3183
5798
7291
796
9042
2306
9108
7361
7870
8267
4505
6774
7571
388
2675
93
8261
3442
8253
314
3643
9384
6763
7744
2923
8552
7095
1064
4382
2835
5097
1494
9020
380
3664
567
1978
4427
6532
6437
5744
7808
2778
3997
8875
9381
9796
938
2904
7874
8746
611
8529
4792
1227
8490
7052
1493
3568
1914
3304
1899
6966
9852
3833
5617
6104
300
7724
2034
1073
4057
4992
8133
9359
4940
1923
6354
9724
6549
6488
8044
6781
5557
8194
5968
6763
5505
8960
5153
553
7168
2506
8123
4848
3321
244
822
7547
9187
8131
8809
8812
9508
1425
8381
9794
8725
6413
6536
2402
2576
8670
486
5776
2059
6605
2263
9944
5688
8163
417
1186
4183
8188
4348
8835
4025
7573
4725
9586
9275
9025
2215
1377
4837
2097
3614
7292
8317
7809
5437
6051
1918
4091
5766
5090
7845
7619
4371
9808
456
3506
2022
1450
7933
3220
7662
6997
7461
4482
7251
4808
7795
8156
1116
2622
9614
5361
2571
6444
3805
8043
862
5060
1357
8048
3506
7172
3115
2342
3632
5036
1722
9859
8875
8532
2272
3456
432
7923
9087
307
3495
4861
7208
8145
1603
8970
1158
4753
3972
2518
711
1106
4716
9416
6466
8354
1406
3142
5547
5682
2547
1284
2921
1369
2420
5680
4774
5949
4039
3768
237
4254
9608
5172
5064
707
8225
8255
3635
6049
8068
1968
6087
7803
7945
9843
9007
1558
4466
1366
8647
3907
1426
3928
9881
8374
3386
4972
73
2604
5178
1018
4641
6355
6140
9374
6114
2503
9621
5364
1330
5303
9073
9530
169
1892
5810
2868
1792
7272
3083
9832
9260
220
2617
6450
789
5250
7079
9264
204
6489
8551
8364
5663
8721
8502
7979
5523
7232
1515
7474
5863
3006
7505
8172
8162
5720
7758
2154
9115
7102
8118
2080
3624
6206
7850
3716
5882
2211
8508
7171
8589
7529
9462
5845
2491
9310
7694
4443
605
8338
7000
6483
157
658
5780
6065
4758
1688
3160
129
9565
4202
4855
606
608
8404
3029
1742
3835
9808
1884
1921
6230
7080
5205
2524
4339
6339
1532
7382
6110
5831
4353
5401
3874
5249
5839
6323
5449
5059
8770
5211
3595
7399
6080
477
339
4214
6125
445
6640
666
3241
1598
3541
5014
7557
5031
2904
6346
3069
3366
5511
1668
5340
5391
3264
9960
4438
4235
4787
8111
4515
3804
881
9868
4982
3902
8751
7526
3936
8031
1161
2876
6392
8937
7660
2630
3697
2268
8646
839
4878
695
689
4056
4634
142
6634
6013
199
8018
5027
5281
8595
8337
5900
4425
1032
3729
6363
977
8502
4617
1764
929
5045
8128
6515
4821
4181
1847
5278
8426
8730
9523
6849
2622
7397
5761
2278
5608
9873
8797
4824
4755
7286
2831
863
1763
4905
1114
3156
755
2340
2340
9343
9679
2221
5079
3690
8666
2609
5216
3462
3324
4542
9850
7092
2114
6912
6465
1130
4874
5470
2530
3505
7012
7314
4117
7451
163
1699
5335
2229
6728
5641
5548
8526
2146
2362
3960
6824
1050
509
5131
4455
5744
8598
1968
9801
6429
5801
4748
226
4487
9166
7333
4854
1767
2103
5972
2505
1610
7282
1662
7308
3728
232
3061
5446
5543
4094
3576
2412
7773
8101
5931
2121
1876
7999
8129
5359
186
4007
6273
3470
4016
3058
2516
1842
9175
8929
7246
4829
4923
1310
4531
6642
2487
9122
4129
992
3980
9155
262
9597
3972
9617
6709
6823
2293
6679
9220
7921
4535
1848
7000
5179
41
2198
3026
5386
3992
2296
4374
4373
8548
9943
7328
8393
8387
7531
2315
3029
9166
6167
5069
8998
6511
6021
9774
2068
1971
9003
5494
6916
6111
850
6757
3178
6149
1823
9124
7536
1868
3032
7196
9263
2656
6096
9255
1504
2068
1918
4559
2497
682
567
7112
2031
9833
4594
1752
8669
8872
3542
9124
2451
4056
2365
1336
1899
5770
5534
9623
9897
3051
9461
6525
458
9595
3991
7243
3349
5093
277
2363
5389
5970
8696
1143
2284
1839
1394
6556
7744
2191
4256
6026
1944
1518
8604
385
6162
2191
8543
7413
3816
8997
9160
8925
398
8794
5354
6477
1911
9687
87
6386
814
3101
3532
7247
5844
1938
4041
7517
6615
3986
7324
8945
4467
3154
2101
1392
5739
8137
7442
246
3817
7506
8681
282
484
621
5829
1847
1656
9651
1982
5958
8929
5479
6795
3053
4807
9893
5560
5335
7739
4555
9993
7843
4973
3362
7392
3267
9031
8999
5501
538
7519
3846
170
3873
6623
6169
9586
8228
3461
6720
2479
1814
8053
9438
5233
5204
8995
4638
8440
981
7571
2195
3344
4273
8037
320
267
2349
7598
2923
5074
6006
942
8981
7710
58
5990
3829
5260
857
3289
3880
708
7112
6337
238
234
7267
3064
5883
2380
4586
7546
6448
1064
1800
2480
3854
3995
1898
197
9452
8314
4559
4873
4198
5681
4999
8291
6698
3296
1162
3570
2079
1123
8923
3714
1590
3410
5602
1290
5266
4998
6169
1556
6602
4446
7197
1271
476
4036
6132
4122
485
2383
8487
7257
6488
3552
2391
5221
1631
9175
6466
8641
3900
9057
9936
1033
5419
1266
8346
1303
9796
46
4601
9544
6336
5112
6222
5352
997
8960
170
413
8344
9171
937
6747
7884
9778
2498
5933
9398
8838
2283
7147
6119
1496
6348
6886
3325
1611
9981
9098
3803
799
2530
5651
6580
8813
9998
6768
9917
4632
8438
974
4724
8882
6063
3448
559
529
4032
8906
4390
8616
1380
2378
5957
1742
4536
1374
4193
1036
9103
2417
5301
1695
8398
2480
4177
1231
4779
2865
2897
3130
506
6177
800
5153
7159
3712
7945
1379
5158
8145
7649
4861
8154
314
3602
3680
6933
9053
9631
2934
2329
5797
2016
6425
3014
8868
7795
8415
4993
2497
2446
3450
9407
3207
4306
2505
1161
3898
7929
4536
8947
5153
9463
1335
2138
2686
1918
7972
5606
8712
7544
8977
213
8710
586
7479
8484
137
2837
1691
2997
316
7653
769
76
4107
9962
3612
7023
1939
794
6586
3813
7610
5693
5032
5126
2883
9356
3521
9369
5514
5337
1216
2788
8757
6069
6507
5923
1430
8108
1928
1388
183
9880
1135
1067
8636
274
533
5522
7187
7252
2890
9518
1626
6414
309
8106
5457
3132
2838
5999
9801
3997
5671
4412
6314
2396
2281
3458
9399
8321
4344
7564
579
5071
7733
9212
7778
385
8593
7553
9465
8563
8866
416
71
6218
6904
7729
1467
6054
7535
4885
7336
5481
4236
1842
6458
8712
4267
7290
612
7185
2485
7769
5530
5665
294
1486
2392
1181
3193
3734
9741
2700
8089
4328
5151
1197
6747
3954
5392
1632
7773
5252
1868
6720
7172
9810
1132
8094
6363
2117
8073
4378
1051
6763
9498
7796
9155
5744
2833
6844
1737
7372
4721
7264
1093
7008
1216
1866
4978
3345
5888
7289
668
7875
5290
4669
6241
2136
3178
6670
7117
8630
869
344
8886
5156
3495
6022
4702
2604
5277
9449
8464
1861
1522
4109
9574
7485
756
5029
1887
3955
1479
2501
7528
9605
9882
5886
5545
6765
7637
9505
2294
8016
1023
1294
3407
6520
8489
7319
1719
6635
5788
7165
5960
2534
6007
5246
4347
2377
5496
7947
6078
2481
7931
365
1866
